
Minimas
  max': 14.699999809265137,
 'mean': 10.480555607212912,
 'mean_std': 0.5019321236279651,
 'min': 7.0,
 'nodata': -3.3999999521443642e+38}

Maximas
{'max': 27.5,
 'mean': 23.572222206327652,
 'mean_std': 1.1032033563797052,
 'min': 19.100000381469727,
 'nodata': -3.3999999521443642e+38}

Medias
{'max': 21.100000381469727,
 'mean': 17.026388896836174,
 'mean_std': 0.8056976428784767,
 'min': 13.600000381469727,
 'nodata': -3.3999999521443642e+38}

